355
124 51 100 229 2.000181441
91 28 100 2700 2.000237886
88 87 100 6893 2.000255606
132 10 100 1 2.000381632
6 1 100 43 2.000632538
18 128 100 17 2.000901100
22 96 100 743 2.001586434
42 5 100 13005 2.002102537
8 41 100 1 2.002767637
130 51 100 5 2.002941036
91 70 100 1 2.003273268
55 82 100 37 2.003503509
92 58 100 25 2.003577970
51 2 100 46 2.003828754
9 79 100 1 2.003859569
52 92 100 45 2.004014298
93 88 100 54 2.004640577
130 24 100 45 2.004943728
114 4 100 1754 2.004992719
89 38 100 2452 2.005167150
80 109 100 15 2.005245247
81 62 100 13 2.005640336
87 20 100 810 2.005652559
76 125 100 66 2.005700976
123 65 100 462 2.006191091
101 54 100 463 2.006349807
25 111 100 259 2.006426188
52 99 100 568 2.006600097
22 86 100 65 2.006890864
115 93 100 5 2.007803853
123 86 100 27 2.007810692
33 4 100 6 2.008091884
110 14 100 851 2.008127678
83 77 100 20 2.008811227
15 27 100 890 2.009657499
116 134 100 52 2.009824410
43 50 100 506 2.010011172
8 3 100 3143 2.010280792
118 137 100 2238 2.010291430
20 107 100 44 2.010309827
63 70 100 22 2.011022498
81 126 100 16 2.011147844
82 1 100 17 2.011357215
92 24 100 16 2.011618989
14 9 100 3067 2.011659539
73 140 100 2 2.012908814
39 84 100 40 2.013116834
24 143 100 3 2.013528481
64 138 100 44 2.013580020
17 143 100 36 2.013606617
120 94 100 14 2.014081396
92 116 100 29 2.014476083
23 27 100 36 2.015023196
133 108 100 17 2.015088405
45 34 100 36 2.015121562
20 118 100 4332 2.015393659
22 87 100 3 2.015543300
88 109 100 89 2.015696979
84 80 100 551 2.015858889
17 135 100 19 2.016109124
22 17 100 16 2.016268701
48 29 100 22 2.016397818
7 74 100 35 2.016428502
119 129 100 21 2.016810061
64 131 100 29 2.017395603
30 24 100 3 2.017435719
65 128 100 919 2.017516752
26 76 100 1 2.018165193
106 87 100 137 2.018300965
139 117 100 1760 2.018615469
8 38 100 1095 2.018989845
102 55 100 1353 2.019776521
26 70 100 842 2.019976581
12 134 100 18 2.020428942
49 10 100 4672 2.020536366
36 100 100 68 2.020693864
91 9 100 2710 2.020716809
132 57 100 3209 2.020855609
27 118 100 12 2.021053758
124 67 100 3697 2.021200422
93 45 100 1 2.022407436
126 111 100 933 2.022555156
61 102 100 281 2.022659007
35 76 100 1131 2.022776472
42 69 100 435 2.022974428
44 15 100 39 2.023070895
108 19 100 3433 2.023240358
132 84 100 15 2.023369449
71 18 100 24 2.025310407
35 70 100 2884 2.025578221
110 79 100 16614 2.025753086
4 76 100 4 2.026017613
115 12 100 5 2.026346351
10 54 100 49 2.026638748
60 99 100 1 2.026653899
111 45 100 58 2.026916352
21 80 100 4488 2.027024033
111 72 100 10 2.027109348
8 45 100 21 2.027286644
43 24 100 4 2.027504461
11 108 100 4686 2.027580762
113 103 100 5497 2.027623502
112 80 100 3866 2.028408402
19 105 100 133 2.028694967
78 112 100 43 2.029661454
126 36 100 2057 2.030587466
89 9 100 443 2.030685566
9 78 100 633 2.031537598
70 18 100 12 2.031976874
60 107 100 47 2.032185698
129 42 100 118 2.032191604
135 98 100 24 2.033070970
119 26 100 344 2.033279678
39 42 100 16 2.033706271
48 83 100 1088 2.033750124
138 33 100 45 2.033758522
61 33 100 6 2.034187144
46 29 100 126 2.035163211
76 64 100 11609 2.035178940
106 64 100 5658 2.035356480
67 131 100 33 2.035359325
4 95 100 2341 2.035438644
113 70 100 3160 2.035718769
102 40 100 1122 2.035828764
128 41 100 8 2.035967567
92 37 100 21 2.036144390
62 44 100 567 2.037314206
16 59 100 10 2.037827513
101 80 100 1709 2.038001959
18 116 100 39 2.038035460
73 23 100 3 2.038326735
119 138 100 736 2.038902926
43 120 100 8618 2.039018912
0 90 100 6 2.039333837
115 86 100 1684 2.039443814
91 75 100 20 2.039445288
124 123 100 18 2.039693337
123 89 100 2962 2.039899069
113 135 100 18 2.040039125
96 26 100 46 2.040174218
105 64 100 1 2.040500709
68 124 100 78 2.040965014
73 13 100 78 2.041127435
15 71 100 70 2.041241426
30 4 100 1296 2.041660669
58 106 100 50 2.041759837
31 103 100 14 2.042042656
84 126 100 1 2.042128824
20 0 100 129 2.042151845
2 87 100 4 2.042380218
139 121 100 87 2.043236795
64 25 100 31 2.043353622
38 101 100 224 2.043391633
29 66 100 2725 2.043450037
93 105 100 645 2.043463733
30 52 100 108 2.043493738
73 16 100 6598 2.043566021
133 61 100 8 2.044057090
52 84 100 11708 2.044699326
73 88 100 149 2.044830537
100 72 100 4 2.045060353
87 117 100 14 2.045867736
78 12 100 927 2.046200530
119 100 100 581 2.046566871
26 16 100 91 2.046719957
20 54 100 818 2.047418785
6 34 100 20 2.047476991
62 42 100 10 2.047567128
41 48 100 340 2.047607758
79 8 100 1 2.047917035
78 13 100 16 2.048108067
99 44 100 4 2.048173451
77 103 100 3392 2.048351422
124 59 100 35 2.048373217
1 27 100 242 2.048413273
35 69 100 43 2.048611475
89 18 100 20 2.048821117
3 143 100 43 2.048878887
87 37 100 14 2.049296613
98 2 100 36 2.050209921
112 81 100 47 2.050435245
19 142 100 974 2.050855967
134 0 100 18 2.051054290
82 81 100 2 2.051095141
16 77 100 1493 2.051520125
72 8 100 17 2.051747909
58 127 100 11 2.051821032
83 25 100 5 2.052232326
14 66 100 35 2.052376617
39 7 100 8 2.052432353
82 114 100 15 2.052872863
46 2 100 3760 2.052973256
15 3 100 974 2.053090310
125 114 100 6338 2.053268143
99 102 100 303 2.053443978
122 5 100 24 2.053462961
97 25 100 12 2.054581891
129 94 100 81 2.054992783
27 133 100 52 2.055430470
97 136 100 5358 2.055639320
124 106 100 133 2.055666908
131 124 100 33 2.055772085
142 40 100 363 2.055922498
120 110 100 6633 2.056064834
115 140 100 6781 2.056239605
38 138 100 5211 2.056521861
125 117 100 36 2.056563837
25 34 100 14 2.056584343
124 5 100 618 2.057142203
20 11 100 1014 2.057208187
71 0 100 18 2.057465550
84 119 100 5 2.057493773
142 44 100 1074 2.057632381
132 33 100 45 2.057806070
26 117 100 4066 2.057906042
109 125 100 24 2.057997059
24 88 100 16 2.058648142
115 10 100 4 2.058649516
26 54 100 51 2.058651714
41 101 100 2041 2.058797457
136 101 100 3696 2.058979493
14 49 100 1344 2.059000553
30 130 100 11 2.059460548
117 61 100 1 2.059824316
124 6 100 738 2.059918787
24 100 100 30 2.060162727
63 52 100 54 2.060164784
12 28 100 15578 2.061904730
69 142 100 33 2.062700359
93 16 100 4891 2.063045246
72 50 100 39 2.063330753
66 1 100 4725 2.063537174
10 107 100 4 2.064780510
132 77 100 7 2.064957304
92 60 100 17 2.065079475
78 45 100 10 2.065447819
65 34 100 34 2.065838691
78 113 100 362 2.065978429
1 58 100 5 2.066090265
103 71 100 679 2.066386508
51 85 100 50 2.066395353
63 57 100 3 2.066832091
122 141 100 30 2.066977748
7 17 100 22 2.066984870
69 125 100 2 2.067289675
99 126 100 2311 2.067414031
17 38 100 1156 2.067576144
57 62 100 4323 2.068806802
92 24 100 795 2.069053131
119 69 100 4 2.069124426
123 45 100 705 2.069138883
13 135 100 69 2.069311815
11 128 100 1288 2.069383922
51 42 100 45 2.069994472
127 136 100 44 2.070028649
29 125 100 1318 2.070430995
42 129 100 743 2.070502767
101 118 100 1541 2.071552418
135 107 100 3036 2.071685367
88 6 100 2809 2.071753170
60 7 100 13 2.072180969
35 127 100 5 2.072214307
19 32 100 15 2.072227272
140 35 100 126 2.072233037
79 113 100 10788 2.072288245
111 50 100 1165 2.072729911
78 93 100 18 2.072959365
4 111 100 12 2.073533314
75 126 100 41 2.073848774
1 128 100 2766 2.074087767
112 67 100 18 2.074164438
41 0 100 27 2.074322642
23 78 100 271 2.074860803
110 6 100 448 2.075001236
2 129 100 77 2.075071051
104 94 100 22 2.075541946
133 135 100 508 2.075870209
139 69 100 178 2.075974173
12 51 100 29 2.076131665
13 95 100 14 2.076150818
142 56 100 1 2.076187526
119 65 100 44 2.076787254
94 114 100 27 2.077039565
106 69 100 7 2.077800471
60 72 100 1587 2.077828617
71 19 100 17 2.078387677
143 108 100 13762 2.078634974
104 139 100 1189 2.078891212
17 77 100 1251 2.078976456
42 121 100 54 2.079060652
48 87 100 15 2.079070592
74 3 100 127 2.079363230
99 42 100 125 2.079382483
3 0 100 40 2.079562548
140 6 100 3 2.080146790
84 135 100 54 2.080350124
77 114 100 869 2.080440649
12 143 100 3 2.080730945
36 87 100 15 2.081884091
35 138 100 40 2.082075471
69 34 100 630 2.082351475
63 34 100 691 2.082364350
3 85 100 12 2.082374006
61 138 100 3193 2.082540098
28 117 100 58 2.082566354
56 111 100 6 2.082571167
71 141 100 6 2.083008492
120 131 100 49 2.083796761
114 131 100 18 2.083903165
122 7 100 6142 2.084159203
1 133 100 11 2.084258425
54 42 100 34 2.084282029
125 25 100 5089 2.084604342
34 131 100 4707 2.084671672
116 32 100 2554 2.084849699
135 137 100 3201 2.084868564
94 67 100 31 2.085264904
139 62 100 1029 2.086379200
118 102 100 6 2.086538083
122 22 100 6281 2.086719436
58 52 100 4176 2.086757724
17 69 100 1999 2.086871182
120 133 100 41 2.087129042
21 29 100 19 2.087242877
104 126 100 34 2.087871124
42 3 100 40 2.087909305
132 60 100 22 2.088505844
97 135 100 6 2.088785189
103 73 100 5763 2.088860260
80 65 100 102 2.088891004
54 29 100 463 2.090427026
53 131 100 340 2.090433145
3 90 100 5 2.090533568
78 32 100 3383 2.090691282
55 67 100 4 2.090698851
35 108 100 482 2.091028006
89 57 100 44 2.091216705
84 91 100 2361 2.091416963
50 131 100 1 2.091461910
77 108 100 188 2.091950085
70 67 100 840 2.092200031
58 39 100 986 2.092296396
35 132 100 3462 2.092324596
141 91 100 1088 2.092411465
74 140 100 1012 2.093310495
107 14 100 6 2.094200388
130 53 100 1 2.094456300
117 68 100 31 2.095393486
66 109 100 29 2.095641388
61 17 100 3117 2.096424678
57 93 100 448 2.096733193
6 85 100 3 2.097487105
35 136 100 4 2.097781861
22 133 100 9507 2.098123899
65 31 100 2 2.098713338
